第1个算例...

[11.0, 1, 1, 0, 0, 5, 23677]

第2个算例...

[22.0, 0, 0, 0, 0, 11, 20436]

第3个算例...

[24.0, 0, 0, 14, 2, 4, 24067]

第4个算例...

[133.0, 2, 30, 40, 5, 57, 246619]

第5个算例...

[142.0, 3, 16, 31, 3, 59, 383746]


第8个算例...

[127.0, 2, 24, 27, 8, 56, 261302]

第9个算例...

[224.0, 0, 7, 38, 7, 93, 424662]

第10个算例...

[497.0, 9, 26, 103, 6, 198, 2718640]

第11个算例...

[235.0, 3, 22, 56, 5, 95, 638368]

第12个算例...

[230.0, 1, 30, 63, 9, 93, 587173]

第13个算例...

[609.0, 5, 48, 90, 9, 274, 2609122]

第14个算例...

[1129.0, 15, 69, 127, 15, 513, 3107794]

第15个算例...

[1305.0, 22, 135, 212, 42, 571, 4985950]

第16个算例...

[1760.0, 31, 152, 197, 31, 811, 7339853]

第6个算例...

